3
4
5
6
19
21
23
31
34
35
46
47
48
49
50
51
52
54
55
62
68
74
77
78
84
93
94
95
96
102
111
120
129
130
134
135
136
137
189
190
393
396
397
398
399
400
403
404
630
670
680
699
709
728
738
757
767
777
796
806
816
826
845
864
874
884
894
904
914
924
943
971
981
991
1001
1011
1021
1031
1050
1060
1070
1080
1090
1100
1110
1120
1130
1140
1150
1160
1170
1180
1190
1200
1210
1220
1239
1249
1259
1269
1279
1289
1299
1309
1319
1329
1339
1349
1359
1369
1379
1389
1408
1418
1428
1438
1448
1458
1468
1478
1488
1498
1508
1518
1528
1538
1548
1558
1568
1578
1588
1598
1608
1618
1628
1647
1677
1687
1697
1707
1717
1727
1737
1747
1757
1767
1777
1787
1797
1807
1835
1845
1873
1883
1920
1930
1940
1950
1960
1970
1980
1990
2000
2010
2020
2030
2040
2050
2060
2070
2080
2090
2100
2110
2129
2139
2149
2159
2178
2188
2207
2217
2227
2237
2247
2257
2267
2277
2296
2306
2316
2335
2345
2355
2365
2375
2385
2395
2405
2415
2443
2453
2463
2473
2492
2624
2634
2644
2654
2664
2674
2684
2694
2704
2714
2724
2734
2744
2754
2764
2774
2784
2794
2804
2814
2824
2834
2844
2867
2877
2887
2897
2907
2926
2936
2946
2956
2966
2976
2986
3005
3059
3061
3062
3063
3064
3065
3077
3079
3081
3082
3083
3084
3085
3086
3088
3089
3090
3137
3140
3143
3144
3146
3147
3148
3159
3160
3393
3404
3414
3426
3436
3446
3456
3466
3476
3486
3496
3506
3526
3536
3546
3571
3581
3591
3606
3616
3627
3637
3647
3659
3669
3680
3700
3710
3720
3731
3741
3751
3761
3773
3786
3799
3809
3829
3839
3849
3859
3872
3882
3894
3912
3942
3972
3982
3992
4012
4022
4041
4056
4067
4079
4080
4081
4092
4093
4095
4096
4100
4101
4103
4104
4105
4106
4119
4120
4122
4123
4124
4125
4138
4139
4140
4141
4142
4143
4144
4145
4146
4147
4186
4194
4195
4196
4198
4199
4200
4204
4207
4230
4233
4234
4235
4237
4239
4241
4244
4245
4246
4247
4249
4250
4253
4254
4255
4256
4260
4268
4269
4270
4272
4275
4276
4277
4279
4281
4282
4283
4285
4287
4288
4290
4291
4292
4293
4294
4407
4418
4429
4440
4451
4462
4501
4526
4537
4548
4559
4570
4581
4598
4609
4620
4631
4642
4653
4674
4689
4700
4717
4728
4792
4803
4814
4825
4836
4849
4924
4935
4946
4957
4968
4979
4990
5001
5012
5057
5074
5075
5076
5077
5078
5079
5084
5085
5086
5087
5088
5089
5096
5097
5098
5099
5100
5101
5102
5103
5104
5105
5106
5107
5108
5109
5110
5111
5112
5113
5114
5115
5116
5117
5118
5119
5132
5133
5134
5135
5149
5152
5155
5156
5157
5158
5159
5160
5161
5162
5163
5164
5181
5182
5183
5185
5186
5187
5188
5189
5190
5191
5193
5194
5196
5198
5199
5200
5201
5202
5204
5205
5206
5207
5208
5209
5211
5212
5215
5221
5237
5251
5254
5255
5256
5257
5262
5263
5264
5265
5274
5276
5292
5306
5324
5325
5326
5327
5328
5364
5375
5386
5408
5419
5430
5441
5452
5463
5474
5485
5496
5507
5518
5529
5540
5556
5610
5663
5674
5699
5779
5790
5832
5843
5855
5866
5877
5890
5901
5912
5923
5934
5945
5959
5983
5984
5985
5986
5992
5993
6014
6015
6016
6017
6019
6020
6022
6024
6032
6033
6034
6038
6039
6070
6071
6072
6073
6074
6075
6119
6138
6139
6140
6141
6142
6143
6144
6145
6146
6147
6148
6149
6150
6151
6152
6153
6154
6155
6156
6157
6158
6159
6160
6162
6164
6177
6179
6183
6194
6205
6218
6219
6220
6221
6222
6333
6348
6349
6350
6351
6362
6373
6374
6383
6448
6459
6470
6481
6492
6503
6514
6525
6536
6547
6671
6770
6771
6772
6773
10004
10005
10006
10007
10016
10105
10114
10115
10132
10133
10134
10136
10137
10138
10139
10140
10141
10142
10143
10144
10147
10241
10609
10610
10612
10693
10694
10695
10696
10711
10717
10721
10722
10723
10740
10749
10767
10776
10793
10818
10827
10844
10853
10854
10855
10860
10877
10886
10895
10912
10953
10962
10971
12139
12140
12141
12143
12144
12148
12187
12188
12223
12224
12253
12254
12291
12292
12323
12336
12338
12340
12651
12654
12657
12673
12674
12675
12676
12677
12678
12679
12680
12681
12682
12683
12684
12685
12686
12687
12697
12698
12699
12700
12702
12706
20001
20003
20004
20005
20006
20007
20008
20009
20010
20011
20012
20013
20014
20015
20016
20018
20019
20021
20022
20023
20041
20042
20043
20044
20045
20046
20047
20048
20049
20050
20051
20052
20053
20054
20055
20056
20057
20058
20059
20060
20061
20062
20071
20072
20074
20075
20077
20079
20080
20081
20082
20083
20084
20085
20086
20087
20088
20089
20090
20091
20092
20093
20094
20095
20096
20097
20098
20099
20100
20101
20102
20103
20104
20105
20106
20107
20108
20109
20110
20111
20112
20113
20114
20115
20116
20117
20118
20119
20121
20122
20123
20124
20125
20126
20127
20128
20129
20130
20131
20132
20133
20147
20148
20149
20150
20151
20152
20153
20154
20155
20156
20157
20159
20160
20161
20162
20165
20167
20169
20171
20173
20175
20177
20179
20181
20183
20185
20187
20189
20191
20193
20195
20197
20199
20200
20229
20230
20240
20242
20244
20245
20246
20247
20248
20255
20256
20257
20258
20261
20262
20277
20401
20403
20404
20405
20406
20407
20408
20409
20410
20411
20412
20413
20414
20415
20416
20417
20418
20419
20420
20421
20422
20423
20425
20426
20427
20428
20429
20431
20432
20433
20434
20435
20436
20437
20438
20439
20440
20441
20442
20445
20446
20447
20448
20449
20450
20453
20454
20455
20456
20457
20458
20459
20460
20461
20462
20463
20465
20466
20467
20468
20470
20471
20473
20474
20476
20477
20479
20480
20481
20482
20483
20484
20485
20486
20487
20488
20489
20490
20491
20492
20493
20494
20495
20496
20497
20498
20499
20500
20501
20502
20503
20504
20505
20506
20507
20508
20509
20510
20511
20512
20513
20514
20515
20516
20517
20518
20519
20520
20521
20522
20523
20524
20525
20526
20527
20528
20529
20530
20531
20532
20533
20534
20535
20536
20537
20538
20539
20540
20541
20542
20543
20544
20546
20547
20548
20549
20550
20551
20552
20553
20554
20600
20601
20602
20603
20604
20605
20606
20607
20608
20609
20610
20611
20612
20613
20614
20615
20616
20617
20618
20619
20620
20621
20622
20623
20624
20625
20626
20627
20628
20629
20630
20631
20632
20633
20634
20635
20636
20637
20638
20639
20640
20641
20642
20643
20644
20645
20646
20647
20648
20649
20650
20651
20652
20653
20654
20655
20656
20657
20658
20659
20660
20661
20662
20663
20664
20665
20666
20667
20668
20669
20670
20671
20672
20673
20674
20675
20676
20677
20678
20679
20680
20681
20682
20683
20684
20685
20686
20687
20688
20689
20690
20691
20692
20693
20694
20695
20696
20697
20698
20699
20700
20701
20702
20703
20704
20705
20706
20707
20708
20709
20710
20711
20712
20713
20714
20715
20716
20717
20718
20719
20720
20721
20722
20723
20724
20725
20726
20727
20728
20729
20730
20731
20732
20733
20734
20735
20736
20737
20738
20739
20740
20741
20742
20743
20744
20745
20746
20747
20748
20749
20751
21000
21001
21002
21003
21004
21021
21022
21024
21025
21026
21027
21028
21029
21030
21031
21032
21033
21034
21035
21036
21037
21038
21039
21040
21041
21042
21043
21044
21045
21047
21048
21049
21050
21051
21052
21053
21054
21055
21056
21057
21058
21059
21060
21061
21062
21063
21064
21065
21066
21067
21068
21069
21070
21071
21072
21073
21074
21075
21076
21611
21621
21622
21625
21631
21634
21642
21651
21661
21662
21663
21664
21665
21666
21671
22000
22001
22003
22004
22005
22006
22009
22010
22011
22012
22013
22018
22019
22020
22021
22022
22023
22024
22025
22026
22027
22028
22029
22030
22032
22033
22034
22035
22036
22037
22038
22039
22040
22051
22052
22126
22127
22128
22129
22130
22131
22132
22133
22134
22135
22136
22137
22138
22139
22140
22141
22146
22147
22148
22149
22150
22151
22152
22153
22154
22155
22156
22157
22158
22159
22160
22161
22166
22167
22168
22169
22170
22171
22172
22173
22174
22175
22176
22177
22178
22179
22180
22181
22200
22330
22331
22332
22333
22334
22335
22336
22337
22338
22400
22401
22402
22403
22404
22405
22406
22407
22408
22409
22410
22415
22416
22417
22420
22421
22422
22423
22424
22425
22426
22427
22432
22433
22434
22435
22436
22499
22501
22502
22503
22504
22505
22506
22507
22508
22599
22601
22602
22603
22604
22605
22606
22607
22608
22609
22610
22611
22612
22613
22614
22615
22616
22617
22618
22619
22620
22630
22631
22640
22641
22642
22643
22644
22645
22650
22651
22652
22653
22654
22655
22660
22661
22663
22664
22670
22671
22672
22673
22674
22675
22676
22677
22678
22679
22680
22681
22682
22683
22684
22685
22701
22702
22703
22704
23000
23001
23002
23003
23004
23005
23006
23007
23008
23009
23010
23011
23012
23013
23014
23015
23016
23017
23018
23019
23020
23021
23022
23023
23024
23025
23026
23027
23028
23029
23030
23031
23032
23033
23034
23035
23036
23037
23038
23039
23040
23041
23042
23043
23044
23050
23051
23052
23053
23054
23055
23056
23057
23058
23059
23060
23061
23062
23063
23064
23065
23066
23067
23068
23069
23070
23071
23073
23074
23075
23077
23078
23098
23099
23100
23101
23102
23104
23105
23106
23107
23108
23109
23110
23111
23112
23113
23114
23115
23116
23117
23118
23119
23120
23121
23122
23123
23124
23125
23126
23127
23128
23129
23130
23200
23201
23202
23203
23204
23205
23206
23208
23209
23210
23212
23213
23214
23215
23216
23217
23218
23219
23220
23221
23222
23223
23224
23225
23226
23227
23228
23229
23230
23231
23232
23233
23234
23235
23236
23237
23238
23239
23240
23241
23242
23243
23244
23245
23246
23247
23248
23249
23250
23251
23252
23253
23254
23255
23256
23257
23258
23259
23260
23261
23262
23263
23264
23265
23266
23267
23268
23269
23270
23271
23272
23273
23274
23275
23276
23277
23278
23279
23280
23281
23282
23283
23284
23285
23286
23287
23288
23289
23290
23291
23292
23293
23295
23296
23297
23298
23299
23300
23301
23302
23304
23305
23306
23307
23308
23309
23310
23311
23312
23313
23314
23315
23316
23317
23318
23320
23321
23322
23323
23324
24003
24004
24005
24006
24007
24008
24009
24010
24011
24012
24013
24014
24015
24016
24017
24018
24019
24020
24021
24022
24023
24024
24500
24501
24502
24503
24504
24505
24506
24507
24508
25000
25001
25002
25003
25004
25005
25006
25007
25008
25009
25010
25011
25012
25013
25014
25015
25016
25017
25018
25019
25020
25021
25022
25023
25024
25025
25026
25027
25028
25029
25030
25031
25032
25033
25034
25035
25036
25037
25038
25039
25040
25042
25044
25046
25048
25050
25052
25054
25056
25057
25058
25059
25060
25061
25062
25063
25064
25065
25066
25067
25068
25069
25070
25071
25072
25073
25074
25075
25076
25077
25078
25079
25080
25081
25082
25083
25084
25085
25086
25087
25088
25089
25090
25091
25092
25093
25094
25095
25096
25097
25098
25099
25100
25101
25102
25103
25104
25105
25106
25107
25108
25109
25110
25111
25112
25113
25114
25115
25116
25117
25118
25119
25120
25121
25122
25123
25124
25125
25126
25127
25128
25129
25130
25131
25132
25133
25134
25135
25136
25137
25138
25139
25140
25141
25142
25143
25144
25145
25146
25147
25148
25149
25150
25151
25152
25153
25154
25155
25156
25157
25158
25159
25160
25161
25162
25163
25164
25165
25166
25167
25168
25169
25170
25171
25172
25173
25174
25175
25176
25177
25178
25179
25180
25181
25182
25183
25184
25185
25186
25187
25188
25189
25190
25191
25192
25193
25194
25195
25196
25197
25198
25199
25200
25201
25202
25203
25204
25205
25206
25207
25208
25209
25210
25211
25212
25213
25214
25215
25216
25217
25218
25219
25220
25221
25222
25223
25224
25225
25226
25227
25228
25229
25230
25231
25232
25233
25234
25235
25236
25237
25238
25239
25240
25241
25242
25243
25244
25245
25246
25247
25248
25249
25250
25251
25252
25253
25254
25255
25256
25257
25258
25259
25260
25261
25262
25263
25264
25265
25266
25267
25268
25269
25270
25271
25272
25273
25274
25275
25276
25277
25278
25279
25280
25281
25282
25283
25284
25285
25286
25287
25288
25289
25290
25291
25292
25293
25294
25295
25296
25297
25298
25299
25300
25301
25302
25303
25304
25305
25306
25307
25308
25309
25310
25311
25312
25313
25314
25315
25316
25317
25318
25319
25320
25321
25322
25323
25324
25325
25326
25327
25328
25329
25330
25331
25332
25333
25334
25335
25336
25337
25338
25339
25340
25341
25342
25343
25344
25345
25346
25347
25348
25349
25350
25351
25352
25353
25354
25355
25356
25357
25358
25359
25360
25361
25362
25363
25364
25365
25366
25367
25368
25369
25370
25371
25372
25373
25374
25375
25376
25377
25378
25379
25380
25381
25382
25383
25384
25385
25386
25387
25388
25389
25390
25391
25392
25393
25394
25395
25396
25397
25398
25399
25400
25401
25402
25403
25404
25405
25406
25407
25408
25409
25410
25411
25412
25413
25414
25415
25416
25417
25418
25419
25420
25421
25422
25423
25424
25425
25426
25427
25428
25429
25430
25431
25432
25433
25434
25435
25436
25437
25438
25439
25440
25441
25442
25443
25444
25445
25446
25447
25448
25449
25450
25451
25452
25453
25454
25455
25456
25457
25458
25459
25460
25461
25462
25463
25464
25465
25466
25467
25468
25469
25470
25471
25472
25473
25474
25475
25476
25477
25478
25479
25480
25481
25482
25483
25484
25485
25486
25487
25488
25489
25490
25491
25492
25493
25494
25495
25496
25497
25498
25499
25500
25501
25502
25503
25504
25505
25506
25507
25508
25509
25510
25511
25512
25513
25514
25515
25516
25517
25518
25519
25520
25521
25522
25523
25524
25525
25526
25527
25528
25529
25530
25531
25532
25533
25534
25535
25536
25537
25538
25539
25540
25541
25542
25543
25544
25545
25546
25547
25548
25549
25550
25551
25552
25553
25554
25555
25556
25557
25558
25559
25560
25561
25562
25563
25564
25565
25566
25567
25568
25569
25570
25571
25572
25573
25574
25575
25576
25577
25578
25579
25580
25581
25582
25583
25584
25585
25586
25587
25588
25589
25590
25591
25592
25593
25594
25595
25596
25597
25598
25599
25600
25601
25602
25603
25604
25605
25606
25607
25608
25609
25610
25611
25612
25613
25614
25615
25616
25617
25618
25619
25620
25621
25622
25623
25624
25625
25626
25627
25628
25629
25630
25631
25632
25633
25634
25635
25636
25637
25638
25639
25640
25641
25642
25643
25644
25645
25646
25647
25648
25649
25650
25651
25652
25653
25654
25655
25656
25657
25658
25659
25660
25661
25662
25663
25664
25665
25666
25667
25668
25669
25670
25671
25672
25673
25674
25675
25676
25677
25678
25679
25680
25681
25682
25683
25684
25685
25686
25687
25688
25689
25690
25691
25692
25693
25694
25695
25696
25697
25698
25699
25700
25701
25702
25703
25704
25705
25706
25707
25708
25709
25710
25711
25712
25713
25714
25715
25716
25717
25718
25719
25720
25721
25722
25723
25724
25725
25726
25727
25728
25729
25730
25731
25732
25733
25734
25735
25736
25737
25738
25739
25740
25741
25742
25743
25744
25745
25746
25756
25757
25758
25759
25761
25762
25763
25764
25765
25766
25767
25768
25780
25781
25782
25783
25784
25785
25786
25787
25788
25789
25790
25791
25792
25793
25794
25795
25796
25797
25798
25799
25800
25801
25802
25803
25804
25805
25806
25807
25808
25809
25810
25811
25812
25813
25814
25815
25816
25817
25818
25819
25820
25821
25822
25823
25824
25825
25826
25827
25828
25829
25830
25831
25832
25833
25834
25835
25836
25837
25838
25839
25840
25841
25842
25843
25844
25845
25846
25847
25848
25849
25850
25851
25852
25853
25854
25855
25856
25857
25858
25859
25860
25861
25862
25863
25864
25865
25866
25867
25868
25869
25870
25871
25872
25873
25874
25875
25876
25877
25878
25879
25880
25881
25882
25883
25884
25885
25886
25887
25888
25889
25890
25891
25892
25893
25894
25895
25896
25897
25898
25899
25900
25901
25902
25903
25904
25905
25906
25907
25908
25909
25910
25911
25912
25913
25914
25915
25916
25917
25918
25919
25920
25921
25922
25923
25924
25925
25926
25927
25928
25929
25930
26410
26411
26412
26413
26414
26415
26416
26417
26418
26419
26420
26421
26422
26423
26424
26425
26426
26427
26428
26429
26430
26431
26432
26433
26434
26500
26501
26502
26503
26504
26505
26506
26507
26508
26509
26510
26511
26512
26513
26514
26515
26516
26517
26518
26519
26520
26521
26522
26523
26524
26525
26526
26527
26528
26529
26530
26531
26532
26533
26534
26535
26536
26537
26538
26539
26540
26541
26542
26543
26544
26545
26546
26547
26548
26549
26550
26551
26552
26553
26554
26555
26556
26557
26558
26559
26560
26561
26562
26563
26564
26565
26566
26567
26568
26569
26570
26571
26572
26573
26574
26575
26576
26577
26578
26579
26580
26581
26582
26583
26584
26585
26586
26587
26588
26589
26590
26591
26592
26593
26594
26595
26596
26597
26598
26599
26600
26601
26602
26603
26604
26605
26606
26607
26608
26609
26610
26611
26612
26613
26614
26615
26616
26617
26618
26619
26620
26621
26622
26623
26624
26625
26626
26627
26628
26629
26630
26631
26632
26633
26634
26635
26636
26637
26638
26639
26640
26641
26642
26643
26644
26645
26646
26647
26648
26649
26650
26651
26652
26653
26654
26655
26656
26657
26658
26659
26660
26661
26662
26663
26664
26665
26666
26667
26668
26669
26670
26671
26672
26673
26674
26675
26676
26677
26678
26679
26680
26681
26682
26683
26684
26685
26686
26687
26688
26689
26690
26691
26692
26693
26694
26695
26696
26697
26698
26699
26700
26701
26702
26703
26704
26705
26706
26707
26708
26709
26710
26711
26712
26713
26714
26715
26716
26717
26718
26719
26720
26721
26722
26723
26724
26725
26726
26727
26728
26729
26730
26731
26732
26733
26734
26735
26736
26737
26738
26739
26740
26741
26742
26743
26744
26745
26746
26747
26748
26749
26750
26751
26752
26753
26754
26755
26756
26757
26758
26759
26760
26761
26762
26763
26764
26765
26766
26767
26768
26769
26770
26771
26772
26773
26774
26775
26776
26777
26778
26779
26780
26781
26782
26783
26784
26785
26786
26787
26788
26789
26790
26791
26792
26793
26794
26795
26796
26797
26798
26799
26800
26801
26802
26803
26804
26805
26806
26807
26808
26809
26810
26811
26812
26813
26814
26815
26816
26817
26818
26819
26820
26821
26822
26823
26824
26825
26826
26827
26828
26829
26830
26831
26832
26833
26834
26835
26836
26837
26838
26839
26840
26841
26842
26843
26844
26845
26846
26847
26848
26849
26850
26851
26852
26853
26854
26855
26856
26857
26858
26859
26860
26861
26862
26863
26864
26865
26866
26867
26868
26869
26870
26871
26872
26873
26874
26875
26876
26877
26878
26879
26880
26881
26882
26883
26884
26885
26886
26887
26888
26889
26890
26891
26892
26893
26894
26895
26896
26897
26898
26899
26900
26901
26902
26903
26904
26905
26906
26907
26908
26909
26910
26911
26912
26913
26914
26915
26916
26917
26918
26919
26920
26921
26922
26923
26924
26925
26926
26927
26928
26929
26930
26931
26932
26933
26934
26935
26936
26937
26938
26939
26940
26941
26942
26943
26944
26945
26946
26947
26948
26949
26950
26951
26952
26953
26954
26955
26956
26957
26958
26959
26960
26961
26962
26963
26964
26965
26966
26967
26968
26969
26970
26971
26972
26973
26974
26975
26976
26977
26978
26979
26980
26981
26982
26983
26984
26985
26986
26987
26988
26989
26990
26991
26992
26993
26994
26995
26996
26997
26998
26999
27000
27001
27002
27003
27004
27005
27006
27007
27008
27009
27010
27011
27012
27013
27014
27015
27016
27017
27018
27019
27020
27021
27022
27023
27024
27025
27026
27027
27028
27029
27030
27031
27032
27033
27034
27035
27036
27037
27038
27039
27040
27041
27042
27043
27044
27045
27046
27047
27048
27049
27050
27051
27052
27053
27054
27055
27056
27057
27058
27059
27060
27061
27062
27063
27064
27065
27066
27067
27068
27069
27070
27071
27072
27073
27074
27075
27076
27077
27078
27079
27080
27081
27082
27083
27084
27085
27086
27087
27088
27089
27090
27091
27092
27093
27094
27095
27096
27097
27098
27099
27100
27101
27102
27103
27104
27105
27106
27107
27108
27109
27110
27111
27112
27113
27114
27115
27116
27117
27118
27119
27120
27121
27122
27123
27124
27125
27126
27127
27128
27129
27130
27131
27132
27133
27134
27135
27136
27137
27138
27139
27140
27141
27142
27143
27144
27145
27146
27147
27148
27149
27150
27151
27152
27153
27154
27155
27156
27157
27158
27159
27160
27161
27162
27163
27164
27165
27166
27167
27168
27169
27170
27171
27172
27173
27174
27175
27176
27177
27178
27179
27180
27181
27182
27183
27184
27185
27186
27187
27188
27189
27190
27191
27192
27193
27194
27195
27196
27197
27198
27199
27200
27201
27202
27203
27204
27205
27206
27207
27208
27209
27210
27211
27212
27213
27214
27215
27216
27217
27218
27219
27220
27221
27222
27223
27224
27225
27226
27227
27228
27229
27230
27231
27232
27233
27234
27235
27236
27237
27238
27239
27240
27241
27242
27243
27244
27245
27246
27247
27248
27249
27250
27251
27252
27253
27254
27255
27256
27257
27258
27259
27260
27261
27262
27263
27264
27265
27266
27267
27268
27269
27270
27271
27272
27273
27274
27275
27276
27277
27278
27279
27280
27281
27282
27283
27284
27285
27286
27287
27288
27289
27290
27291
27292
27293
27294
27295
27296
27297
27298
27299
27300
27301
27302
27303
27304
27305
27306
27307
27308
27309
27310
27311
27312
27313
27314
27315
27316
27317
27318
27319
27320
27321
27322
27323
27324
27325
27326
27327
27328
27329
27330
27331
27332
27333
27334
27335
27336
27337
27338
27339
27340
27341
27342
27343
27344
27345
27346
27347
27348
27349
27350
27351
27352
27353
27354
27355
27356
27357
27358
27359
27360
27361
27362
27363
27364
27365
27366
27367
27368
27369
27370
27371
27372
27373
27374
27375
27376
27377
27378
27379
27380
27381
27382
27383
27384
27385
27386
27387
27388
27389
27390
27391
27392
27393
27394
27395
27396
27397
27398
27399
27400
27401
27402
27403
27404
27405
27406
27407
27408
27409
27410
27411
27412
27413
27414
27415
27416
27417
27418
27419
27420
27421
27422
27423
27424
27425
27426
27427
27428
27429
27430
27431
27432
27433
27434
27435
27436
27437
27438
27439
27440
27441
27442
27443
27444
27445
27446
27447
27448
27449
27450
27451
27452
27453
27454
27455
27456
27457
27458
27459
27460
27461
27462
27463
27464
27465
27466
27467
27468
27469
27470
27471
27472
27473
27474
27475
27476
27477
27478
27479
27480
27481
27482
27483
27484
27485
27486
27487
27488
27489
27490
27491
27492
27493
27494
27495
27496
27497
27498
27499
27500
27501
27502
27503
27504
27505
27506
27507
27508
27509
27510
27511
27512
27513
27514
27515
27516
27517
27518
27519
27520
27521
27522
27523
27524
27525
27526
27527
27528
27529
27530
27531
27532
27533
27534
27535
27536
27537
27538
27539
27540
27541
27542
27543
27544
27545
27546
27547
27548
27549
27550
27551
27552
27553
27554
27555
27556
27557
27558
27559
27560
27561
27562
27563
27564
27565
27566
27567
27568
27569
27570
27571
27572
27573
27574
27575
27576
27577
27578
27579
27580
27581
27582
27583
27584
27585
27586
27587
27588
27589
27590
27591
27592
27593
27594
27595
27596
27597
27598
27599
27600
27601
27602
27603
27604
27605
27606
27607
27608
27609
27610
27611
27612
27613
27614
27615
27616
27617
27618
27619
27620
27621
27622
27623
27624
27625
27626
27627
27628
27629
27630
27631
27632
27633
27634
27635
27636
27637
27638
27639
27640
27641
27642
27643
27644
27645
27646
27647
27648
27649
27650
27651
27652
27653
27654
27655
27656
27657
27658
27659
27660
27661
27662
27663
27664
27665
27666
27667
27668
27669
27670
27671
27672
27673
27674
27675
27676
27677
27678
27679
27680
27681
27682
27683
27684
27685
27686
27687
27688
27689
27690
27691
27692
27693
27694
27695
27696
27697
27698
27699
27700
27701
27702
27703
27704
27705
27706
27707
27708
27709
27710
27711
27712
27713
27714
27715
27716
27717
27718
27719
27720
27721
27722
27723
27724
27725
27726
27727
27728
27729
27730
27731
27732
27733
27734
27735
27736
27737
27738
27739
27740
27741
27742
27743
27744
27745
27746
27747
27748
27749
27750
27751
27752
27753
27754
27755
27756
27757
27758
27759
27760
27761
27762
27763
27764
27765
27766
27767
27768
27769
27770
27771
27772
30000
30001
30004
30010
30011
30014
30020
30021
30024
30030
30031
30034
30040
30041
30044
30050
30051
30054
30060
30061
30064
30070
30071
30074
30080
30081
30084
30090
30091
30094
30100
30101
30104
30110
30111
30114
30120
30121
30124
30130
30131
30134
30140
30141
30144
30150
30151
30154
30160
30161
30164
30170
30171
30174
30180
30181
30184
30190
30191
30194
30200
30201
30204
30210
30211
30214
30220
30221
30224
30230
30231
30234
30240
30241
30244
30250
30251
30254
30260
30261
30264
30270
30271
30274
30280
30281
30284
30290
30291
30294
30300
30301
30304
30314
30324
30334
30344
30354
30364
30374
30384
30394
30404
30414
30424
30500
30503
30505
30510
30513
30515
30520
30523
30525
30530
30533
30535
30600
30610
30620
30630
30640
30650
30660
30670
30680
30690
30700
30710
30720
30730
30740
30750
30760
30770
30780
30790
30800
30810
30820
30830
30840
30850
30860
30870
30880
30890
30897
40006
40007
40008
40009
40011
40012
40013
40018
40019
40425
41149
41200
41210
41214
41215
41216
41217
41218
41219
41220
41221
41222
41223
41224
41225
41226
41227
41228
41229
41231
41232
41234
41235
41244
41245
41246
41247
41248
41249
41250
41251
41253
41256
41258
41259
41261
41264
41265
41269
41272
41273
41275
41276
41279
41284
41285
41286
41289
42001
42003
42005
42007
42009
42011
42013
42015
42017
42019
42021
42023
42025
42027
42029
42031
42033
42035
42037
42038
42039
42040
90002
90012
90013
90015
90016
90017
90018
90019
90020
90021
90022
90023
90024
90025
90026
90027
90028
90029
90030
90031
90032
90033
90034
90035
90036
90037
90038
90039
90040
90041
90042
90043
90044
90045
90046
90047
90048
90049
90050
90051
90052
90053
90054
90055
90056
90057
90058
90059
90060
90061
90062
90063
90064
90065
90066
90067
90068
90069
90070
90071
90072
90073
90074
90075
90076
90077
90078
90079
90080
90081
90082
90083
90084
90085
90086
90087
90088
90089
90090
90091
90092
90093
90094
90095
90096
90097
90098
90099
90100
90101
90102
90103
90104
90105
90106
90107
90108
90109
90110
90111
90112
90113
90114
90115
90116
90117
90118
90119
90120
90121
90122
90123
90124
90125
90126
90127
90128
90129
90130
90131
90132
90133
90134
90135
90136
90137
90138
90139
90140
90141
90142
90143
90144
90145
90146
90147
90148
90149
90150
90151
90152
90153
90154
90155
90156
90157
90158
90159
90160
90161
90162
90163
90164
90165
90166
90167
90168
90169
90170
90171
90172
90173
90174
90175
90176
90177
90179
90180
90181
90182
90183
90184
90185
90186
90187
90188
90189
90190
90191
90192
90193
90194
90195
100001
100002
100003
100004
100005
100006
100007
100008
100009
100010
100011
100012
100013
100014
100015
100016
100017
100018
100019
100020
100021
100022
100023
100024
100025
100026
100150
100160
100170
100180
100190
100200
100210
100220
100230
100240
100250
100260
100270
100280
100290
100300
100310
100320
100330
100350
100360
100370
100380
100390
100400
100410
100420
100430
100440
100460
100470
100480
100490
100500
100510
100520
100530
100540
100550
100560
100580
100590
100630
100670
100710
100720
100730
100740
100760
100770
100800
100810
100820
100830
100840
100850
100860
100880
100890
100900
100910
100920
100940
100950
101020
101090
101160
101230
101240
101250
101260
101270
101300
101310
101350
101390
101430
101470
101510
101550
101970
101980
101990
102000
102010
102020
102030
102040
102050
102060
102070
102080
102090
102120
102130
102140
102150
102170
102180
102190
102200
102210
102220
102230
102250
102260
102270
102280
102290
102300
102310
102320
102330
102340
102350
102360
102370
102380
102400
102410
102420
102430
102440
102450
102460
102470
102480
102490
102500
102520
102530
102540
102620
102700
102710
102720
102730
102740
102750
102760
102770
102780
102800
102810
102820
102830
102840
102850
102860
102870
102880
102890
102900
102910
102930
102940
102950
102960
102970
102980
103000
103010
103020
103030
103040
103050
103060
103070
103080
103090
103100
103120
103130
103140
103150
103160
103170
103180
103190
103200
103210
103220
103230
103250
103260
103270
103280
103290
103310
103980
103990
104000
104010
104020
104030
104040
104050
104060
104070
104080
104090
104100
104110
104120
104130
104140
104150
104160
104170
104180
104190
104200
104210
104220
104230
104240
104250
104260
104270
104280
104290
104300
104310
104320
104330
104340
104350
104360
104370
104380
104400
104410
104420
104430
104440
104450
104460
104470
104480
104490
104500
104510
104520
104530
104540
104550
104560
104570
104580
104590
104660
104670
104900
104910
104920
110001
110005
130000
130002
130004
130006
130008
130010
130012
130014
130016
130018
130020
130022
130024
130026
130028
130030
130034
130036
130038
130040
130042
130044
130046
130048
130050
130052
130054
130058
130060
130062
130064
130066
130068
130070
130072
130074
130076
130078
130080
130082
130084
130086
130088
130090
130092
130094
130096
130100
130102
130104
130106
130108
130112
130114
130116
130118
130120
130122
130124
130126
130128
130130
130132
130134
130136
130138
130140
130142
130144
130146
130148
130150
130152
130154
130156
130158
130160
130162
130164
130168
130170
130174
130176
130178
130180
130184
130186
130188
130190
130192
130194
130196
130198
130200
130202
130204
130206
130208
130210
130212
130214
130216
130218
130220
130222
130224
130226
130228
130230
130232
130234
130236
130240
130242
130244
130246
130248
130250
130252
130254
130256
130258
130260
130262
130264
130266
130270
130272
130274
130276
130280
130282
130284
130286
130288
130292
130296
130298
130300
130302
130304
130306
130308
130310
130312
130314
130316
130318
130320
130322
130324
130326
130328
130330
130334
130336
130338
130340
130342
130344
130622
130624
130626
130628
130630
130632
130634
130636
130638
130640
130642
130644
130646
130648
130650
130652
130654
130656
130658
130660
130662
130664
130666
130668
130670
130672
130674
130676
130678
130680
130682
130684
130686
130688
130692
130694
130696
130698
130700
130702
130704
130706
130708
130710
130712
130714
130716
130718
130720
130722
130724
130726
130728
130730
130732
130734
130736
130738
130740
130742
130744
130746
130748
130752
130756
130758
130760
130762
130764
130766
130768
130770
130772
130774
130776
130778
130780
130782
130784
130786
130788
130790
130792
130794
130796
130798
130800
130802
130804
130806
130808
130810
130812
130814
130816
130818
130820
130822
130824
130826
130828
130830
130832
130836
130838
130840
130842
130844
130846
130848
130850
130852
130854
130856
130858
130860
130862
130864
130866
130868
130870
130872
130874
130876
130878
130880
130882
130884
130886
130888
130890
130892
130894
130896
130898
130900
130902
130904
130906
130908
130910
130912
130914
130916
130918
130920
130922
130924
130926
130928
130930
130932
130934
130936
130938
130940
130942
130944
130946
130948
130950
130952
130954
130958
130960
130962
130964
130966
130970
130972
130974
130976
130978
130980
130982
130984
130986
130988
130990
130992
130994
130996
130998
131000
131002
131004
131006
131008
131010
131012
131014
131016
131018
131020
131022
131024
131026
131028
131030
131032
131036
131038
131040
131042
131044
131046
131048
131050
131052
131054
131056
131058
131060
131062
131064
131066
131068
131070
131072
131074
131076
131078
131080
131082
131084
131086
131088
131090
131092
131094
131096
131098
131100
131102
131104
131106
131108
131110
131112
131114
131116
131118
131120
131122
131124
131126
131128
131130
131132
131134
131136
131138
131140
131142
131144
131146
131148
131150
131152
131154
131156
131158
131160
131162
131164
131166
131168
131170
131172
131174
131176
131178
131180
131182
131184
131186
131188
131190
131192
131194
131196
131198
131200
131202
131204
131206
131208
131210
131212
131214
131216
131218
131220
131222
131224
131226
131228
131230
131232
131234
131236
131238
131240
131242
131244
131246
131248
131250
131252
131254
131256
131258
131260
131262
131264
131266
131268
131270
131272
131274
131276
131278
131280
131282
131284
131286
131288
131290
131292
131294
131296
131298
131300
131302
131304
131306
131308
131310
131312
131314
131316
131318
131320
131322
131324
131326
131328
131330
131332
131334
131336
131338
131340
131342
131344
131346
131348
131350
131352
131354
131356
131358
131360
131362
131364
131366
131368
131370
131372
131374
131376
131378
131380
131382
131384
131386
131388
131390
131392
131394
131396
131398
131400
131402
131404
131406
131408
131410
131412
131414
131416
131418
131420
131422
131424
131426
131428
131430
131432
131434
131436
131438
131440
131442
131444
131446
131448
131450
131452
131454
131456
131458
131460
131462
131464
131466
131468
131470
131472
131474
131476
131478
131480
131482
131484
131486
131488
131490
131492
131494
131496
131498
131500
131502
131504
131506
131508
131512
131514
131516
131518
131520
131522
131524
131526
131528
131530
131532
131534
131536
131538
131540
131542
131544
131546
131548
131550
131552
131554
131556
131558
131560
131562
131564
131566
131568
131570
131572
131574
131576
131578
131580
131582
131584
131586
131588
131590
131592
131594
131596
131598
131600
131602
131604
131606
131608
131610
131612
131614
131616
131618
131620
131622
131624
131626
131628
131630
131632
131634
131636
131638
131640
131642
131644
131646
131648
131650
131652
131654
131656
131658
131660
131662
131664
131666
131668
131670
131672
131674
131676
131678
131680
131682
131684
131686
131688
131690
131692
131694
131696
131698
131700
131702
131704
131706
131708
131710
131712
131714
131716
131718
131720
131722
131724
131726
131728
131730
131732
131734
131736
131738
131740
131742
131744
131746
131748
131750
131754
131756
131758
131760
131762
131764
131766
131768
131770
131772
131774
131776
131778
131780
131782
131784
131786
131788
131790
131792
131794
131796
131798
131800
131802
131804
131806
131808
131810
131812
131814
131816
131818
131820
131822
131824
131826
131828
131830
131832
131834
131836
131838
131840
131842
131844
131846
131848
131850
131852
131854
131858
131860
131862
131864
131866
131868
131870
131872
131874
131876
131878
131880
131882
131884
131886
131888
131890
131892
131894
131896
131898
131900
131902
131904
131906
131908
131910
131912
131914
131916
131918
131920
131922
131924
131926
131928
131930
131932
131934
131936
131938
131940
131942
131944
131946
131948
131950
131952
131954
131956
131958
131960
131962
131964
131966
131968
131970
131972
131974
131976
131978
131980
131982
131984
131986
131988
131990
131992
131994
131996
131998
132000
132002
132004
132006
132008
132010
132012
132014
132016
132018
132020
132022
132024
132026
132028
132030
132032
132034
132036
132038
132040
132042
132044
132046
132048
132050
132052
132054
132056
132058
132060
132062
132064
132066
132068
132070
132072
132074
132076
132078
132080
132082
132084
132086
132088
132090
132092
132094
132096
132098
132100
132102
132104
132106
132108
132110
132112
132114
132116
132118
132120
132122
132124
132126
132128
132130
132132
132134
132136
132138
132140
132142
132144
132146
132148
132150
132152
132154
132156
132158
132160
132162
132164
132166
132168
132170
132172
132174
132176
132178
132180
132182
132184
132186
132188
132190
132192
132194
132196
132198
132200
132202
132204
132206
132208
132210
132212
132214
132216
132218
132220
132222
132224
132226
132228
132230
132232
132234
132236
132238
132240
132242
132244
132246
132248
132250
132252
132254
132256
132258
132260
132262
132264
132266
132268
132270
132272
132274
132276
132278
132280
132282
132284
132286
132288
132290
132292
132294
132296
132298
132300
132302
132306
132310
132312
132314
132318
132320
132322
132324
132326
132328
132330
132332
132334
132336
132338
132340
132342
132344
132346
132348
132350
132352
132354
132356
132358
132360
132362
132364
132366
132368
132370
132372
132374
132376
132378
132380
132382
132388
132390
132394
132396
132398
132410
132416
132420
132422
132426
132428
132430
132432
132434
132436
132438
132440
132442
132444
132446
132448
132450
132452
132454
132456
132458
132460
132462
132464
132466
132468
132470
132472
132474
132476
132478
132480
132482
132484
132486
132488
132490
132492
132494
132496
132498
132500
132502
132504
132506
132508
132510
132512
132514
132516
132518
132520
132522
132524
132526
132528
132530
132532
132534
132536
132538
132540
132542
132544
132546
132548
132550
132552
132554
132556
132558
132560
132562
132564
132566
132568
132570
132572
132574
132576
132578
132580
132582
132584
132586
132588
132590
132592
132594
132596
132598
132600
132602
132604
